50
500006002020700910000218000400800000760030890300609007005900700673185249208004601 517496382824753916936218475459827163762531894381649527145962738673185249298374651
904080000000700090280000401000510046020040000005800907406058713572039084010076000 954681372361724598287395461739512846628947135145863927496258713572139684813476259
000904600040000831820610000090832107218745000703006000002000400185429060370000020 531984672649257831827613549496832157218745396753196284962378415185429763374561928
000830057008500600130002080802390700600100032057204090060410370073908060000760400 946831257728549613135672984812396745694157832357284196269415378473928561581763429
000070090706340001801250740102090074409032005500700020913420650007000000054080010 345871296726349581891256743162598374479132865538764129913427658687915432254683917
068309070042000001107050600005070120700001580000030740000190205801620390900543010 568319472342786951197452638685974123734261589219835746473198265851627394926543817
580613907006000105491708302000200010047086000820000700000805690004000800900021070 582613947376942185491758362635297418147586239829134756213875694754369821968421573
008000900300605070701082000025000100037514028064038597000801309500060000003000086 658147932342695871791382465825976143937514628164238597476821359589763214213459786
546920370870340126001860000400003069000014780005070000053000017000006900790030000 546921378879345126231867495417283569962514783385679241653492817128756934794138652
040006000002700905000208160294053670601072389080019000470000806000900050506007000 147596238862731945935248167294853671651472389783619524479325816318964752526187493
207000009980760531603000800002507006705936010006024000008005960420000005500290304 257381649984762531613459827832517496745936218196824753378145962429673185561298374
615830049304291076000005081007000100530024000000370004803000905170900400000002003 615837249384291576729645381497568132538124697261379854843716925172953468956482713
000067530500920100040000070000009200014730000709000010030000026425071089607283051 982167534573924168146358972368519247214736895759842613831495726425671389697283451
000080270000603905040000030002070500100009360374501809218700693006030050750000482 531984276827613945649257138962378514185429367374561829218745693496832751753196482
040608000108703462765209301007030096000470108050100000530000014000060900901300000 342618759198753462765249381417832596629475138853196247536927814284561973971384625
840365209310700000690021837003000004000950720900042000200500000009006340706000102 847365219312798456695421837523187964468953721971642583234519678189276345756834192
801900040040851020056070091030005070000030100760200508420068910000300687003100250 871926345349851726256473891132685479598734162764219538427568913915342687683197254
720500003000006100906304000874053069605028731000097400002700000460000510000005026 721589643348276195956314872874153269695428731213697458532761984469832517187945326
093074005500800091807100043009001586002005400358007010430008620000000000981002370 193274865524836791867159243749321586612985437358647912435718629276493158981562374
027050013915000607083010000060129030032805470508304000001200005000081026000740800 427658913915432687683917254764129538132865479598374162871296345349581726256743891
020801345470250001800300706060000000002905607107080254704000000005130400200004538 926871345473256891851349726568427913342915687197683254734598162685132479219764538
051040070400006981900001400342900007068427000100083024600000040734500600210700050 851349276473256981926871435342915867568427193197683524685132749734598612219764358
007900000000240190040080305590800000708000209000030050910408623473605980002301000 187953462356247198249186375594812736738564219621739854915478623473625981862391547
074208561002005308100070400001062000040301057000400000090507800218030705003820106 374298561962145378185673429531762984649381257827459613496517832218936745753824196
000070000000000851800256403009130080060500034008764019003020508007900042204083097 345871926726349851891256473479132685162598734538764219913427568687915342254683197
400870020080000400006300801700100080612098734000060019193427500807010302020003000 435871926981256473276349851749132685612598734358764219193427568867915342524683197
000409200310806975269307014098030007000001500140072000000003081021000350800090000 785419236314826975269357814598634127672981543143572698956243781421768359837195462
453607019071302468000409500105000780020040000000700021019560000000100800204070006 453687219971352468862419573195236784627841935348795621719568342536124897284973156
000020568000000000087910342470130000062090000030760210005800026700309850891250003 913427568254683197687915342479132685162598734538764219345871926726349851891256473
020000016800060000000109205046021857083000900072894031790013000200608070010000500 329485716851762394467139285946321857183576942572894631795213468234658179618947523
613000009007090030000500670008926410009008763501347028000060107705000000096705004 613872549257694831984513672378926415429158763561347928832469157745281396196735284
010000080000906507009078000035000270007600000090030108201500000903027451804163790 716254983348916527529378614635481279187692345492735168271549836963827451854163792
610050827050381009900702500070140002501090300029000100800017400000006010096824700 613459827257381649984762531378145962561298374429673185832517496745936218196824753
031607000600800257800090603400000832010069000703240006902401078085000009304000061 531627984649813257827594613496175832218369745753248196962451378185736429374982561
050032490096000210080106703000060370060009105010370060000000530830257040500603807 157832496396745218284196753928561374763429185415378962672984531831257649549613827
000270090090405817003000005000709123004012080100350040650100400032067901910000038 581276394296435817743981265865749123374612589129358746658193472432867951917524638
000058400240900083008032905000090000702500309810003250497800102000370500503120700 931658427245917683678432915354296871762581349819743256497865132126374598583129764
003058009009740062000200538402000013900304087608070250300005020005037090017000340 123658479589743162746291538472586913951324687638179254394815726265437891817962345
002010069400009080906428705040376150730500020001000340500000090894060010000954002 382715469475639281916428735249376158738541926651892347527183694894267513163954872
003000500090046070072308000907261083806000200401903657060400000000032905009000034 643127598198546372572398146957261483836754219421983657365479821714832965289615734
020500000649831752500600000003084690018390047006100208080000924074008105060000000 827549316649831752531672489753284691218396547496157238185763924374928165962415873
000200001080073409002145078009000050530760084020409000406510000008930740703824000 374298561185673429962145378649381257531762984827459613496517832218936745753824196
704098612680002000009760000008400193107600520040905860801349000003000080906001000 734598612685132749219764358568427193197683524342915867851349276473256981926871435
201975064876401053090000072080000010000102690600037400103000040048019000000300700 231975864876421953594683172482596317357142698619837425163758249748219536925364781
130080009500700160000019500870000005300800726250400090900042680427500910600100204 132685479598734162764219538871926345349851726256473891915342687427568913683197254
000780104900040000070200630000600003043020000209000840800061000014072568697053402 536789124921346785478215639185694273743128956269537841852461397314972568697853412
904605000200704500830219704052100680086002015300568000000070206000800349540000000 974685132261734598835219764452197683786342915319568427198473256627851349543926871
247091068105760300860400007900206000000947680604050019700030920409600000000000403 247391568195768342863425197958216734312947685674853219781534926439672851526189473
103480276205000900604912058000098407020300000400000083040023060960850000800000700 193485276285637914674912358316598427728346591459271683541723869967854132832169745
009380007000760000827000000090007832000004190208936745002145000100003029370290500 649381257531762984827459613496517832753824196218936745962145378185673429374298561