50
000080005851409000400020800068007900040000007190003204004000060000002000019670000 926781345851439726473526891568247913342195687197863254734958162685312479219674538
005000780006050030090004000100400000009006002000902070607200095200000800010800000 345629781726158439891374526162437958479586312538912674687243195254791863913865247
003001005000000000006090800000040007304080050009030001740000000060009070005002006 483621795297358614516794832128945367374186259659237481741563928862419573935872146
100009500000000000300040007000006002210900004700005001062000000003600700900003800 124769538687532419395148267458316972216987354739425681562874193843691725971253846
000900600009005003200030000946000100100000009500069200000000051730000082005490706 351948627469275813287631594946823175128754369573169248692387451734516982815492736
010004060080500042000380100002005004070030080030000000090650073700900000005078006 913724568687519342254386197162895734479231685538467219891652473726943851345178926
500008002063000000002007600400009005000000000200700010000300006340100500700400009 574618392963254871812937654431829765687541923259763418198375246346192587725486139
900410007000020500105000092030600048000001200007500600053000060010096000496000000 962415387374928516185763492531672948649831275827549631753284169218396754496157823
410002000000105420000370000007000800204053006090208000070501000000640057500000010 415962378763185429928374561157496832284753196396218745672531984831649257549827613
600000000007509010000072004096050002200300000700000196005700400000000378000020000 649831257827549613531672984496157832218396745753284196185763429962415378374928561
000007000000890500040003000000030060703209000900601004050002400006400208000000703 831527649672894531549163827415738962763249185928651374157382496396475218284916753
007000302200005010000801400010096008760000049000000000000103000801060000000700063 157649382284375916396821475415296738763518249928437651672153894831964527549782163
000306000020050900003002800010080040005460070030000060050040100000000000700020080 879316425126854937543792816617285349985463271432179568358647192261938754794521683
000090300049000700056000000000608000000032000080910204090004102004000508000060009 871296345349581726256743891427658913915432687683917254598374162764129538132865479
000750000000208045050000002070001000801049207009020600410000008003000400008004560 284753196396218745157496832672531984831649257549827613415962378763185429928374561
510004070004200030000600009300000000050020700900370400001740300000800057000006000 513984672694257831872613549347561928158429763926378415281745396469832157735196284
000003000900080234000254000002070500508000403700000901000045090300006005000000347 427913856915687234683254719132479568598162473764538921871345692349726185256891347
041062000000000009090004560700400030020750090000000000007031080083000200004020000 541962378376185429892374561715496832428753196639218745267531984183649257954827613
090700001000690000007005004300007010005008002000000000050086030002001080009000060 598734621143692578267815394384257916915368742726149853451986237632571489879423165
060000004050061080010090003200080007000604000900700040090070500300010008000000000 869253174753461289412897653245189367178634925936725841694378512327516498581942736
305200800891003200000000009102000000079800102000009000000050407007030915200010003 345296871891743256726581349162374598479865132538129764913658427687432915254917683
000082000080006400960401000000500010040003200530620000006000002200000745050040096 374982561185736429962451378827594613649813257531627984496175832218369745753248196
003100004900000000020500010100080000008730002004009000071006040300050006006003090 683197254915342687427568913132685479598734162764219538871926345349851726256473891
000000000500000340090000801000900007002607900010004003074102000800409132029008000 743891256581726349296345871658913427432687915917254683374162598865479132129538764
030050407100040002900070000600008003000000970090002060005020006300001004000000000 238156497157849632964273185671598243582364971493712568845927316329681754716435829
005900001002600000004003052000000000001040007900300005800700003000000260100006700 685924371312657894794183652453279186261845937978361425846792513537418269129536748
105004000040806000000009250050073062000000070600900030081600040030100700500007090 195234687247856913863719254958473162312568479674921538781692345439185726526347891
530200700062700008000080100900500000087040000050190603000920870000800340001070000 538219764162734598479685132913568427687342915254197683345926871726851349891473256
400000008905000300000002100030074080590001000060030000300600050000043900050090070 427319568915786342683452197132974685598261734764835219349627851871543926256198473
900010070000060024070908000006000000218000000053204600000549000000000702500000080 962415873185763924374928165496157238218396547753284691827549316649831752531672489
510004070004200030000600009300000000050020700900370400001740300000800057000006000 513984672694257831872613549347561928158429763926378415281745396469832157735196284
130400050000160003000030091007000006005087000080054000070000960300706000056090400 132479658598162743764538291427913586915687324683254179871345962349726815256891437
090500008035000000700090006000050300301700200800040100000000000100070004900002800 692517438435628971718394526264951387351786249879243165586439712123875694947162853
060007030000915600100603000006000054050049700070000809685000000004000020009060500 568427931342915678197683245926871354851349762473256819685132497734598126219764583
001009006000005004064030002003007080450000000700050010007200001000000000006003090 371429856892675134564831972613947285459182367728356419937268541185794623246513798
351600084009801000080040000090010000000000020700020501000050002073004090120000705 351672984469831257287549613692415378815763429734928561946157832573284196128396745
900000500000103040003004800000070000000500062501802000800700006740600210000008000 984267531257183649613954827429376185378541962561892374832715496745639218196428753
700006003400009000500010704000000000060001007300500008020008001000000940030090080 792456813413789625586213794157864239268931457349572168925648371871325946634197582
980072530007000000600000000000703080000415000560900070002100090000396210006000700 984672531257831649613549827429763185378415962561928374832157496745396218196284753
000400000000008096000053080048000000200049001600000509400100700080900400010070020 823496157754218396169753284948531672275649831631827549492185763387962415516374928
000000000004800007050009001200008070070006005000000230500400103020300000090100008 937514682164823597852679341215938476379246815648751239586497123721385964493162758
415000060920000304700000000070090001000527040509000020006400018000000406200906003 415738962928651374763249185672894531831527649549163827396475218157382496284916753
060040003080670904000290100010000007000500230007820090100702080046000000008000300 269145873581673924473298165812936547694517238357824691135762489946381752728459316
000000000003007001080006020300704080001002070009000040006003005000940000900060002 164529738293487651785316924352794186841632579679158243416273895528941367937865412
200001060904000050013500000070000000409760010001920400030000000700090820000200375 257831964984672153613549782378415296429763518561928437832157649745396821196284375
030100090600000000000038400900045100800020903073000000040687519500000700000004080 734162895685479231219538467926345178851726943473891652342687519568913724197254386
090070000000900000753040001900000800080030004074209000031006080609010700007005300 496571238218963547753842691962154873185637924374289165531726489649318752827495316
230700001000300900060200400000000000020004100050600070005006009903000000010008500 239745681478361925561289437896127354327854196154693872785436219943512768612978543
000700340000005071047000006056010020200000900710000003500070000400060590000530064 185726349692345871347891256856913427234687915719254683568479132473162598921538764
009130000000704100100508070340000000000250003726009001000000050680000400050003017 479132865538764129162598374345871296891256743726349581913427658687915432254683917