50
000050490000000006674290000080002050400805002000037019200000001090300078003170005 312658497958743126674291583781962354439815762526437819247586931195324678863179245
010000300060000409900070000100090802390010045004053006002530000009020010830000057 415962378763185429928374561157496832396218745284753196672531984549827613831649257
000036002632000854000000006804105000190000048000400120900600000450002060067300401 549836712632917854718524396824195637196273548375468129983641275451782963267359481
501849200640000000007106005002700000180000067000005000006328000018057003000060400 531849276649572138827136945962783514185294367374615829496328751218457693753961482
479600000000000598000010000005026070726000009801400200000508427080002000004090080 479685132162734598538219764345926871726851349891473256913568427687342915254197683
009000000265198000001000980090056100000030009507409008000520607052073000710000005 839247516265198473471365982398756124146832759527419368984521637652973841713684295
560742901040000078000360200004050106000200490009000500906000004800900700003005000 568742931342591678197368245734859126685213497219476583926187354851934762473625819
000913700020080010109050300010720043030800050000040070650000030703000800290008000 586913724324687519179254386815726943437891652962345178658479231743162895291538467
000840600049570000800100500000060200010057396400000107300005028100000000002700410 531849672649572831827136549753961284218457396496328157374615928185294763962783415
000026400060000000080095001006070080108900070070042000690150830015000000034000056 351726498469318725287495361946571283128963574573842619692154837815637942734289156
560742901040000078000360200004050106000200490009000500906000004800900700003005000 568742931342591678197368245734859126685213497219476583926187354851934762473625819
030000000006010200708594003000000006802360000000075000060400370500730400003982001 135627984946813257728594613357248196812369745694175832269451378581736429473982561
056900000000000008090035064001000000403706005000000020009043001008607340700108206 856974132347261598192835764971452683423786915685319427269543871518627349734198256
020000900530000270000000000400820750010000603000069082062080004185400000004006029 827631945531948276649275138496823751218754693753169482962387514185492367374516829
090000105520030940003040708082050000000390010910000007708010000040700080051020000 894672135527831946163549728382157694475396812916284357738415269249763581651928473
057000006300000218204000000009010020830002000000480530400000902060904000908065004 157238496396547218284691753549316827831752649672489531415873962763924185928165374
000000218080000096006040700020000009800006030063490007009000180000200304730050960 475963218382571496916842753527318649894726531163495827249637185651289374738154962
500470010007000002342950080006000043001304007073000000000100000030009260200046800 568472319197638452342951786926817543851394627473265198685123974734589261219746835
020008407800000300100640098670000540000504603400062000000457821000800000081200000 925138467864729315137645298673981542219574683458362179396457821742813956581296734
006005000210000070700000619040800000001020000007500360002001830000006040304982056 496175283218369574753248619649813725531627498827594361962451837185736942374982156
190860007028009300005000009804000206056048000000603008000090000000030970379482000 193864527628579341745321689834917256956248713217653498461795832582136974379482165
002000000085703020004920061030000084600001000000040610003080000210006740006007830 962415378185763429374928561531672984649831257827549613753284196218396745496157832
000010740002007001097204000400001005000020930020045000000060059080409200000030476 568913742342687591197254368473891625851726934926345187734162859685479213219538476
009000000265198000001000980090056100000030009507409008000520607052073000710000005 839247516265198473471365982398756124146832759527419368984521637652973841713684295
000000004305000020006009008913027000607005003000003091409032586060500030000060000 891256374345871629726349158913427865687915243254683791479132586162598437538764912
000700000802069000005280000013800509000000801004010670370920000409000060000340908 196735284832469157745281396613872549257694831984513672378926415429158763561347928
060000000097254000340000910006040801000700300000801256005070000000500700030102590 568913427197254683342687915926345871851726349473891256685479132219538764734162598
006032050000705390000000004000600000000050030031004602900078415085000003370060008 496832157218745396753196284827613549649257831531984672962378415185429763374561928
900008105085020070074001090006000010208005906050000024001004002600000380807000000 962378145185429673374561298496832517218745936753196824531984762649257381827613459
000051000561900000400700000002005400045000008190040003080027031600000020050800649 378451962561982374429736185832175496745369218196248753984627531613594827257813649
600751208000090000370402090000200409060130000780900000096000000010307004030000065 649751238821693547375482691153276489964138752782945316296514873518367924437829165
006002009300008162090004000600407003000000080900000254508000006260070300030250090 856132479347598162192764538685427913423915687971683254518349726269871345734256891
000007203080004090427100000801000000300006000050901300704050010500010007100049580 915867243683524791427193865871435629349276158256981374764358912598612437132749586
064000010000102004130009685400000000905000042080204107870000900300700000000891000 764538219598162734132479685427913568915687342683254197871345926349726851256891473
037000080000873945000000030080094300700130024300006000000062450400000802290405000 537649281612873945948521637185294376769138524324756198871362459453917862296485713
613040000050801000900070500020003000561020004308000000832050490045300010000004000 613549827257831649984672531429763185561928374378415962832157496745396218196284753
240000010600005030030400058000800000700300500010050740126008004000000800503700129 245683917678915432931427658354871296762349581819256743126598374497132865583764129
005000090008042605300500021000050000000127358580030000000270049104000270002304000 425613897918742635376589421231958764649127358587436912863271549194865273752394186
090670030520830000160000020000057690000300810900280300700000209000060500051000070 894672135527831946163549728382157694475396812916284357738415269249763581651928473
000000000185030490070002510030027008007004030609800000000005803218309004700000000 962451387185736492374982516531627948827594631649813275496175823218369754753248169
700160008000000000000500700006040000851720309003000206008903420040600015100054000 734162598685479132219538764926345871851726349473891256568913427342687915197254683
008000060429000180001200370800001000700060000106002753007000009000700501603405000 378154962429637185561289374832571496745963218196842753257318649984726531613495827
900003072050960000003082549070200000029500760001000020800000000700801300000005204 984153672257964831613782549378296415429518763561437928832649157745821396196375284
000006700390700010100000400400000060700020000008500300600900500830050640049613027 284196753396745218157832496415378962763429185928561374672984531831257649549613827
402000080600700910000006200000060038000895002005001079290000305001000006700650090 432519687658724913917386254129467538374895162865231479296178345581943726743652891
890031002027000000003020509000496007000000006910700080038060000240000060001370008 894531672527649831163827549382496157475218396916753284738962415249185763651374928
730920000000700420000410070000107030108006045500080000351670904060000000000000013 734928561815763429692415378946157832128396745573284196351672984469831257287549613
008003070700000900006000002080007209900010008374029050500200000640138500000040100 218693475753482916496751382185367249962514738374829651531276894649138527827945163
800100070020040800060700000000470908240080000038000005080604100900007204005810006 894135672527946831163728549651473928249581763738269415382694157916357284475812396
500402900342901687000000204006007000001304000400200800000000009000080160200706008 568472913342951687197638254926817345851394726473265891685123479734589162219746538